#ifndef GLOBAL_C
#
(3,15)
ine
(11,18)

(3,20)
include "constants.h"
(4,26)

(3,13)
tic long get_mask_for_length(int 
(6,11)
);
(9,46)

(4,21)

(4,45)

(6,15)
_literal
(13,51)

(6,19)

(11,52)
void pr
(3,29)
_binary
(8,55)
(unsigned
(5,87)

(7,21)
,
(21,120)

(4,166)
* 
(5,195)
ruc
(17,128)
and
(7,132)
s_tree(
(27,179)

(5,39)
_extra
(3,144)
ts(
(5,258)

(6,23)

(4,125)
* 
(10,28)

(26,71)
di
(4,333)
ce
(17,73)

(8,25)

(20,75)

(51,327)
{
	if(
(7,15)
 >= 0 &&
(8,31)
 <= 143)
(3,37)
	return 8
(3,104)
	else if 
(12,56)
144
(15,58)
255
(12,58)
9
(24,58)
256
(16,58)
79
(12,58)
7
(25,58)
8
(16,174)
287
(22,174)

(11,21)
0
(3,21)
}
(11,302)

(58,577)

(5,318)

(3,15)

(4,732)
 =
(21,743)

(10,619)
	
(3,22)

(5,380)
a
(3,43)
0;a <
(7,71)
;a++
(5,75)

(5,76)
curre
(3,8)
= (
(9,235)
<<  a) &
(5,105)
) >>
(3,262)

(5,59)
 - 1
(5,92)
	
(5,192)
(
(7,61)

(5,19)

(3,227)

(6,22)
ln(""
(4,19)

(12,245)

(49,754)

(4,161)

(3,1044)
 DEBUG > 1
(9,118)

(4,96)
\tSTART POPULATION OF LENGTHS ARRAY
(5,131)
	#endif
(7,312)

(7,98)
[288]
(12,290)
i
(5,290)
i<=
(3,463)
;i
(8,286)

(8,46)
i]
(7,364)

(23,735)

(9,254)

(28,175)
END
(15,145)

(48,221)
B
(3,1283)
OUNT
(25,222)
bl_count[MAX_BITS
(20,228)

(3,518)

(8,31)

(10,234)

(9,58)

(5,235)

(4,688)

(5,208)

(17,287)

(4,751)

(19,54)

(10,297)
] ++
(8,62)
/*
(14,641)

(3,7)

(11,124)
 
(9,645)

(9,247)

(8,225)
["<<a<<"]: 
(3,10)

(9,102)
a]
(6,361)
*/
(49,363)

(5,1226)
co
(3,1591)

(6,222)
 
(3,1)

(9,88)
0
(8,244)

(4,22)

(5,42)
n
(3,1255)

(3,29)
de
(13,330)

(4,31)

(34,436)
GENER
(9,436)
SMALLEST CODES FOR
(8,676)

(14,162)

(4,92)

(3,302)
 
(5,303)

(4,1375)

(3,147)
1;
(6,10)

(3,375)

(10,310)

(4,18)

(3,313)
 
(3,314)

(4,52)
	
(7,213)
(
(5,8)
+
(10,213)

(4,40)
-1])
(4,971)
1
(7,189)
	
(10,216)

(4,31)

(4,247)

(4,13)

(7,30)

(3,435)

(4,7)

(6,6)

(14,444)

(3,138)

(32,444)
NEXT
(3,446)
DE
(14,445)

(10,114)

(12,446)

(11,104)
/IT SOMEHOW TURNS TO 1024 AT THIS
(3,773)
I
(3,756)
I HAVE NO CLUE WHY
(7,432)

(7,635)

(5,453)

(4,1406)

(10,92)

(45,547)

(6,141)
TODO:
(3,516)
op through all values 
(3,1188)
 
(3,2193)
d
(3,28)
e
(6,590)

(4,435)

(3,13)
m. 
(7,1515)
tha
(3,307)
rray of
(7,157)

(3,821)
8
(40,574)

(14,1010)

(6,565)

(19,1007)

(8,682)

(4,1361)
d
(3,154)
=
(3,691)
w
(5,18)

(8,1243)

(7,593)

(5,451)
c_i=0;
(3,6)

(7,1713)

(4,11)

(6,449)

(5,534)

(10,1305)

(3,72)

(8,336)

(3,35)

(8,71)

(5,612)

(6,18)

(5,105)

(8,466)

(6,43)

(9,38)

(17,25)

(5,1034)

(11,602)

(49,400)

(7,340)

(5,127)

(19,1614)

(32,2534)

(4,673)
switc
(9,1813)

(5,691)
ca
(3,1950)
1:
(4,11)

(8,1953)
MASK_1
(4,732)

(5,1755)

(5,34)
2
(18,34)
2
(6,766)

(9,35)
3
(18,35)
3
(15,35)
4
(18,35)
4
(15,35)
5
(18,35)
5
(15,35)
6:	
(17,36)
6
(6,36)

(5,25)

(5,37)
7
(18,72)
7
(15,72)
8
(18,35)
8
(6,35)

(10,36)
9
(18,36)
9
(15,71)
10
(19,318)
0
(16,37)

(20,355)

(5,356)

(12,37)

(19,358)
1
(16,359)
1
(19,360)
1
(10,361)

(4,1643)

(23,2409)

(61,2859)

(8,2730)

(7,794)
= 3
(6,576)
*
(10,36)

(8,1836)

(12,128)

(5,144)

(13,56)
4
(55,56)
5
(55,56)
6
(55,56)
7
(55,56)
8
(55,56)
9
(55,56)
10
(52,57)

(4,3122)
1
(5,3005)

(6,16)

(4,3178)
2
(20,73)

(4,1838)

(9,73)

(10,2806)

(5,23)

(18,83)
3
(15,83)

(21,493)

(23,83)
3
(22,83)
5
(15,83)

(21,464)

(23,83)
5
(22,83)
7
(15,83)

(21,435)

(23,83)

(5,3341)

(18,83)
9
(14,83)
2
(21,332)
2
(22,83)

(5,3482)

(17,83)
2
(15,332)
2
(21,249)

(22,83)
2
(22,332)
2
(15,249)
3
(21,571)

(23,83)

(22,249)
3
(15,581)
3
(21,498)

(22,83)
3
(22,581)
3
(15,498)
4
(21,332)

(5,226)

(18,83)

(22,498)
4
(15,332)
5
(21,249)

(22,83)
4
(22,332)
5
(15,249)
5
(21,581)

(22,83)
5
(22,249)
5
(15,581)
6
(21,498)

(23,83)

(22,581)
6
(15,498)
8
(21,332)
4
(21,83)
6
(22,498)
8
(15,332)
9
(21,249)

(22,83)
8
(22,332)
9
(15,249)
1
(22,1080)

(22,84)
9
(22,250)
1
(17,1081)

(22,750)

(22,85)

(3,62)

(23,1249)

(16,1333)
6
(21,338)

(5,62)

(19,1251)

(23,1335)
6
(16,1336)
9
(21,257)

(23,86)
6
(23,1338)
9
(15,258)
2
(22,1091)

(23,86)
9
(22,258)
2
(16,1093)
25
(21,1834)

(22,86)

(3,62)

(21,1733)
2
(22,831)

(21,1734)

(27,2259)

(50,5047)

(7,2263)

(8,32)

(5,1873)

(45,1872)

(12,58)

(21,523)

(37,58)

(46,2381)

(12,58)

(46,2383)

(9,58)

(4,1135)

(4,456)

(9,17)

(4,1136)

(33,1799)

(9,46)

(3,1137)

(23,86)

(5,542)

(12,86)

(34,1885)

(11,86)

(12,542)

(12,86)

(5,1057)

(12,86)

(22,2221)

(13,1640)

(11,87)

(12,1059)

(12,87)

(6,2224)

(13,88)

(34,1894)

(11,88)

(13,2228)

(13,89)

(17,263)
2
(21,425)

(13,1485)

(12,89)

(24,265)
2
(17,438)
3
(34,1823)

(11,89)
2
(24,440)
3
(17,267)
4
(34,1497)

(11,89)
3
(24,267)
4
(17,444)
6
(34,1502)

(11,89)
4
(24,445)
6
(17,267)
9
(34,1248)

(11,89)
6
(24,267)
9
(17,445)
12
(21,268)

(24,90)
9
(24,446)
12
(18,713)
9
(21,448)
6
(24,537)
2
(25,716)
9
(17,450)

(3,6106)

(45,92)
9
(24,452)

(3,1508)

(17,631)
8
(21,454)

(5,250)

(21,632)

(24,276)
38
(17,456)
5
(22,990)

(24,92)

(3,66)

(24,1251)

(18,993)
76
(21,459)

(5,6314)

(20,1255)

(25,995)
76
(18,460)

(3,5033)

(44,93)

(3,67)

(24,461)
0
(18,1001)
153
(21,463)

(5,68)

(20,463)

(3,68)

(24,95)
53
(18,1185)
0
(22,1009)

(25,95)

(3,68)

(24,559)
0
(18,1013)
307
(22,3680)

(13,1708)

(12,562)

(3,69)

(24,563)
07
(18,1198)
0
(22,1022)

(25,96)

(4,69)

(24,1203)
0
(18,1027)
6
(3,7009)

(21,96)

(24,1739)

(4,69)

(24,1210)
14
(17,478)
8
(23,1033)

(25,96)

(4,69)

(23,96)

(3,76)

(18,1753)
2
(3,5387)

(21,97)

(24,1757)

(4,70)

(25,1224)
28
(18,766)
6
(23,1044)

(25,98)

(5,71)

(24,99)

(3,78)

(17,293)
2457
(22,486)

(25,1865)

(4,71)

(24,679)

(3,78)

(18,1240)
2
(23,1058)

(25,99)

(5,71)

(12,2716)

(8,5557)
